V1,V2,V3
1,0.995060332188851,pbe03008,41
2,0.992909285843795,pbe00071,4
3,0.989903332482512,pbe00500,3
4,0.989615254008957,pbe03030,29
5,0.987309640174113,pbe00750,3
6,0.987034699944888,pbe01230,26
7,0.984440249035445,pbe01210,4
8,0.982527820450186,pbe00630,10
9,0.98194681340737,pbe03410,16
10,0.97018727962077,pbe00970,37
11,0.962473561175028,pbe03430,20
12,0.961750082453248,pbe00450,5
13,0.956096910311557,pbe03050,34
14,0.954341244559564,pbe00670,4
15,0.950892509138547,pbe01110,105
16,0.948753836544882,pbe03013,48
17,0.946365915767287,pbe01130,76
18,0.943734113168889,pbe04120,25
19,0.94350572807452,pbe00020,17
20,0.938278089218296,pbe00330,5
21,0.937317747522609,pbe03420,31
22,0.936190554359002,pbe00030,12
23,0.934194306078312,pbe00010,20
24,0.932425174958924,pbe01212,16
25,0.931564766352372,pbe04146,7
26,0.931264821047878,pbe01200,43
27,0.92560630985461,pbe04145,26
28,0.923435647310141,pbe03018,36
29,0.921939366433442,pbe00250,12
30,0.920262380118367,pbe00620,19
31,0.918671121997083,pbe00061,10
32,0.917883713700193,pbe00910,5
33,0.913129901130608,pbe00730,5
34,0.910788746007875,pbe00790,7
35,0.910237653347135,pbe00280,7
36,0.909605328823684,pbe04130,11
37,0.907582460116261,pbe00640,11
38,0.90615780512994,pbe00190,34
39,0.902970460730579,pbe03440,14
40,0.902087784126796,pbe00220,6
41,0.899491912948899,pbe00270,8
42,0.896223371451928,pbe03010,92
43,0.89295816964611,pbe00240,52
44,0.89247799083596,pbe00230,63
45,0.890338300526346,pbe01100,269
46,0.888100792823,pbe00900,10
47,0.8877066081148,pbe03015,24
48,0.87877775526681,pbe00480,13
49,0.878005070800284,pbe00440,3
50,0.875711986073741,pbe00564,19
51,0.875657340769024,pbe00561,7
52,0.874914312359575,pbe04141,44
53,0.874066520496957,pbe00051,9
54,0.872898739680005,pbe00562,8
55,0.853362555128877,pbe00520,12
56,0.849544524555162,pbe04070,11
57,0.849084226077856,pbe04144,27
58,0.847905336575793,pbe03060,16
59,0.847329770975345,pbe00260,7
60,0.847224839360186,pbe03040,86
61,0.825595043941445,pbe03020,24
62,0.793529647196062,pbe00760,4
